1527
1535
1507
1511
1469
1533
1519
1542
1543
1517
1549
1522
1538
1526
1521
1517
1593
1532
1494
1531
1517
1520
1522
1479
1522
1633
1529
1501
1512
1528
1611
1502
1534
1490
1504
1544
1503
1536
1517
1526
1534
1501
1498
1477
1531
1467
1535
1528
1517
1525
1486
1518
1500
1487
1530
1515
1455
1558
1456
1515
1515
1539
1555
1497
1534
1505
1511
1507
1473
1527
1530
1522
1499
1532
1510
1525
1519
1557
1543
1494
1602
1517
1540
1512
1545
1623
1512
1525
1530
1527
1526
1540
1516
1498
1514
1507
1504
1514
1506
1528
1536
1491
1522
1580
1525
1552
1547
1521
1510
1538
1518
1504
1531
1506
1492
1527
1540
1519
1492
1521
1508
1537
1573
1519
1549
1518
1534
1530
1511
1481
1488
1555
1467
1562
1529
1528
1523
1558
1518
1551
1519
1520
1529
1538
1496
1590
1490
1553
1528
1547
1524
1568
1530
1519
1514
1558
1529
1511
1562
1542
1609
1553
1499
1510
1547
1521
1514
1457
1564
1495
1496
1501
1546
1502
1458
1556
1525
1520
1526
1512
1512
1536
1507
1519
1491
1537
1519
1508
1517
1522
1542
1542
1538
1545
1540
1602
1496
1534
1522
1521
1525
1558
1509
1521
1484
1499
1539
1515
1508
1499
1517
1534
1557
1532
1528
1535
1521
1539
1504
1525
1492
1553
1515
1480
1514
1503
1515
1562
1506
1480
1517
1515
1444
1491
1508
1499
1510
1517
1525
1534
1513
1514
1529
1519
1547
1565
1516
1504
1496
1583
1506
1538
1527
1483
1533
1514
1535
1513
1533
1524
1582
1429
1529
1508
1523
1574
1476
1542
1525
1539
1563
1542
1546
1523
1519
1533
1543
1539
1470
1553
1484
1525
1518
1539
1521
1588
1516
1519
1550
1539
1483
1536
1495
1454
1529
1455
1526
1531
1512
1529
1551
1543
1519
1522
1522
1529
1515
1511
1492
1525
1520
1522
1548
1536
1523
1537
1553
1533
1529
1549
1546
1563
1524
1513
1533
1594
1532
1483
1531
1491
1526
1514
1520
1526
1514
1548
1509
1503
1521
1591
1462
1523
1520
1520
1529
1504
1535
1556
1507
1541
1432
1505
1564
1506
1533
1548
1518
1539
1509
1529
1509
1519
1503
1492
1517
1558
1531
1478
1562
1542
1534
1522
1512
1510
1519
1520
1540
1520
1500
1456
1518
1544
1495
1499
1558
1537
1485
1470
1493
1524
1525
1548
1546
1505
1557
1547
1538
1510
1606
1470
1520
1591
1500
1535
1546
1509
1534
1513
1581
1528
1536
1567
1517
1525
1508
1515
1489
1546
1511
1520
1531
1528
1566
1509
1525
1491
1463
1533
1532
1533
1542
1566
1461
1495
1516
1511
1530
1523
1494
1484
1493
1547
1510
1553
1641
1529
1510
1531
1522
1504
1562
1507
1521
1498
1574
1544
1573
1555
1518
1436
1514
1522
1527
1611
1512
1531
1515
1550
1439
1525
1521
1519
1562
1508
1537
1494
1548
1489
1493
1504
1512
1463
1471
1523
1564
1517
1490
1524
1547
1543
1545
1502
1513
1513
1523
1524
1530
1521
1549
1527
1524
1498
1547
1516
1517
1545
1506
1548
1582
1517
1519
1522
1556
1467
1507
1474
1476
1528
1517
1521
1524
1490
1505
1524
1509
1542
1520
1523
1519
1508
1492
1517
1510
1517
1591
1526
1512
1534
1545
1537
1518
1519
1510
1505
1493
1595
1536
1530
1493
1528
1524
1498
1530
1497
1502
1526
1528
1556
1516
1540
1487
1475
1441
1518
1542
1539
1485
1603
1554
1492
1500
1533
1559
1552
1506
1502
1519
1492
1515
1531
1543
1526
1526
1556
1470
1520
1568
1536
1515
1537
1533
1558
1478
1495
1535
1526
1543
1535
1549
1537
1509
1530
1524
1528
1515
1534
1531
1571
1520
1505
1503
1519
1528
1577
1529
1516
1501
1523
1520
1530
1549
1549
1522
1505
1509
1522
1506
1521
1534
1507
1493
1609
1549
1536
1517
1516
1535
1521
1522
1495
1514
1481
1552
1529
1518
1527
1515
1546
1513
1485
1496
1534
1528
1474
1517
1561
1523
1537
1552
1521
1598
1522
1527
1496
1520
1539
1525
1526
1531
1512
1498
1528
1515
1508
1542
1523
1474
1525
1554
1486
1497
1506
1515
1517
1532
1534
1513
1512
1546
1513
1485
1493
1514
1575
1515
1508
1531
1533
1524
1550
1487
1505
1523
1543
1598
1517
1490
1435
1502
1608
1523
1541
1524
1561
1596
1556
1524
1541
1531
1536
1499
1551
1518
1541
1531
1485
1529
1498
1547
1502
1556
1488
1508
1524
1566
1583
1519
1504
1522
1511
1519
1521
1553
1545
1532
1491
1518
1518
1523
1497
1522
1498
1573
1526
1601
1522
1558
1546
1564
1556
1550
1520
1524
1470
1576
1537
1494
1491
1525
1530
1518
1507
1524
1498
1533
1541
1524
1586
1556
1520
1540
1525
1559
1522
1512
1488
1381
1522
1572
1461
1529
1507
1532
1546
1561
1513
1600
1544
1505
1543
1535
1522
1553
1530
1505
1549
1499
1503
1540
1443
1511
1437
1512
1574
1509
1497
1534
1528
1486
1511
1470
1468
1512
1489
1569
1439
1512
1547
1474
1538
1558
1506
1580
1516
1528
1578
1529
1502
1540
1537
1514
1513
1523
1529
1523
1534
1506
1512
1544
1531
1501
1464
1510
1519
1557
1512
1538
1511
1531
1528
1482
1517
1535
1503
1519
1488
1485
1518
1563
1506
1521
1500
1503
1540
1536
1521
1531
1535
1525
1500
1472
1525
1514
1521
1507
1553
1527
1507
1526
1559
1538
1544
1530
1544
1535
1528
1518
1497
1528
1535
1526
1579
1532
1523
1527
1529
1535
1501
1517
1510
1551
1500
1477
1533
1535
1502
1529
1514
1525
1482
1521
1580
1484
1466
1530
1466
1560
1519
1513
1634
1492
1509
1515
1550
1542
1536
1521
1538
1522
1530
1515
1543
1382
1536
1533
1508
1517
1515
1523
1528
1550
1502
1509
1525
1515
1513
1524
1528
1572
1507
1548
1515
1548
1531
1533
1504
1525
1535
1533
1540
1554
1439
1561
1509
1527
1551
1523
1535
1530
1534
1480
1518
1567
1504
1523
1541
1524
1530
1526
1501
1522
1538
1506
1546
1562
1522
1534
1568
1505
1541
1550
1555
1520
1498
1506
1523
1535
1512
1562
1514
1543
1494
1535
1524
1526
1517
1502
1518
1485
1557
1515
1497
1513
1524
1515
1536
1526
1460
1506
1539
1539
1495
1492
1503
1516
1526
1507
1506
1416
1539
1505
1508
1483
1519
1510
1524
1495
1507
1507
1480
1527
1489
1521
1510
1460
1517
1547
1504
1517
1529
1523
1526
1530
1520
1525
1535
1465
1499
1521
1532
1502
1514
1536
1517
1526
1526
1543
1505
1538
1568
1514
1472
1556
1542
1521
1505
1525
1556
1495
1525
1516
1515
1525
1528
1515
1517
1524
1506
1517
1595
1481
1527
1520
1540
1508
1520
1489
1525
1531
1514
1518
1517
1540
1528
1488
1505
1510
1507
1517
1526
1560
1521
1559
1573
1520
1531
1536
1498
1514
1540
1475
1487
1560
1552
1511
1524
1522
1529
1516
1500
1533
1527
1529
1543
1528
1540
1497
1553
1478
1524
1524
1506
1545
1538
1532
1519
1559
1532
1529
1525
1525
1502
1517
1506
1525
1542
1589
1521
1518
1513
1673
1503
1535
1493
1521
1523
1458
1523
1524
1521
1505
1489
1539
1528
1527
1465
1514
1528
1478
1480
1527
1516
1521
1505
1523
1504
1535
1514
1528
1521
1464
1455
1527
1517
1525
1565
1531
1523
1533
1519
1551
1522
1515
1507
1532
1525
1549
1554
1517
1544
1538
1558
1492
1515
1515
1510
1506
1522
1484
1525
1543
1558
1520
1471
1597
1558
1536
1480
1523
1538
1557
1554
1526
1528
1544
1529
1578
1533
1522
1525
1527
1536
1538
1520
1547
1521
1510
1496
1470
1490
1455
1519
1533
1536
1565
1542
1489
1517
1506
1523
1501
1524
1511
1508
1531
1519
1526
1552
1496
1513
1512
1533
1523
1522
1522
1514
1518
1518
1565
1575
1562
1516
1506
1547
1539
1486
1500
1540
1537
1529
1557
1542
1512
1548
1529
1496
1519
1521
1523
1506
1517
1578
1503
1504
1527
1512
1506
1546
1509
1525
1514
1569
1502
1549
1516
1549
1439
1564
1481
1493
1542
1504
1529
1526
1535
1560
1493
1534
1599
1504
1505
1520
1541
1523
1522
1482
1500
1510
1560
1535
1514
1521
1508
1560
1520
1519
1512
1527
1542
1531
1531
1525
1537
1516
1539
1517
1512
1515
1539
1556
1562
1533
1523
1526
1468
1515
1538
1525
1517
1507
1527
1567
1539
1524
1483
1496
1524
1558
1539
1519
1526
1498
1523
1521
1498
1565
1513
1526
1490
1514
1524
1525
1545
1502
1551
1521
1511
1508
1538
1505
1520
1519
1548
1527
1572
1506
1533
1537
1520
1539
1412
1518
1521
1471
1521
1503
1516
1523
1480
1527
1522
1470
1494
1539
1529
1510
1548
1483
1571
1527
1479
1545
1553
1533
1519
1497
1506
1581
1509
1495
1515
1520
1528
1525
1545
1497
1533
1532
1511
1510
1494
1529
1405
1527
1516
1532
1489
1518
1524
1527
1547
1535
1504
1521
1521
1439
1479
1506
1513
1587
1524
1512
1531
1533
1540
1523
1519
1499
1558
1501
1486
1540
1533
1494
1549
1539
1532
1545
1506
1500
1519
1520
1526
1538
1551
1531
1521
1504
1558
1527
1542
1478
1510
1506
1531
1539
1539
1551
1540
1511
1490
1497
1491
1527
1527
1526
1548
1523
1558
1526
1526
1515
1523
1520
1538
1593
1491
1495
1517
1493
1510
1528
1527
1533
1534
1521
1560
1474
1525
1529
1500
1515
1522
1511
1516
1556
1526
1509
1529
1497
1515
1520
1533
1525
1524
1580
1491
1619
1492
1539
1537
1509
1536
1510
1534
1493
1494
1533
1635
1526
1487
1545
1541
1520
1539
1527
1522
1453
1559
1519
1572
1518
1541
1651
1528
1550
1495
1556
1505
1536
1484
1506
1497
1582
1544
1537
1525
1525
1508
1506
1536
1560
1518
1450
1583
1543
1523
1495
1551
1502
1538
1517
1510
1501
1531
1522
1532
1528
1514
1527
1506
1574
1516
1546
1553
1529
1531
1518
1502
1562
1542
1521
1526
1527
1588
1524
1517
1614
1508
1537
1537
1517
1551
1503
1534
1515
1504
1502
1530
1523
1507
1517
1552
1505
1531
1537
1511
1540
1506
1520
1557
1526
1520
1481
1537
1530
1557
1517
1547
1485
1492
1542
1497
1542
1534
1537
1521
1519
1527
1511
1481
1508
1534
1563
1530
1520
1509
1512
1517
1517
1530
1505
1560
1498
1539
1530
1529
1506
1529
1520
1538
1547
1531
1521
1518
1524
1556
1476
1582
1515
1507
1567
1517
1473
1538
1497
1516
1533
1499
1533
1449
1514
1486
1506
1497
1520
1530
1535
1541
1517
1521
1518
1526
1516
1476
1552
1518
1544
1540
1482
1521
1521
1515
1522
1585
1535
1517
1537
1506
1524
1572
1542
1553
1538
1521
1571
1529
1527
1504
1534
1565
1530
1523
1459
1566
1567
1530
1523
1544
1541
1522
1551
1504
1541
1526
1513
1507
1501
1497
1534
1540
1541
1516
1525
1511
1533
1567
1513
1510
1502
1496
1519
1487
1520
1512
1519
1508
1521
1470
1525
1597
1527
1523
1522
1522
1521
1506
1540
1512
1517
1535
1490
1487
1511
1538
1530
1512
1477
1509
1544
1531
1510
1554
1518
1479
1514
1534
1525
1569
1490
1520
1512
1529
1539
1529
1517
1512
1546
1507
1486
1550
1527
1541
1503
1490
1584
1527
1526
1528
1644
1524
1523
1554
1528
1517
1516
1523
1535
1461
1547
1496
1529
1527
1487
1483
1513
1543
1490
1536
1542
1513
1533
1563
1525
1517
1508
1532
1568
1536
1514
1522
1553
1535
1507
1519
1529
1517
1534
1525
1516
1531
1574
1525
1535
1525
1530
1504
1480
1604
1484
1525
1516
1543
1514
1565
1527
1499
1579
1589
1508
1534
1506
1535
1522
1491
1507
1538
1524
1533
1536
1531
1504
1481
1507
1515
1562
1482
1536
1523
1462
1569
1523
1523
1527
1509
1501
1479
1530
1529
1514
1513
1540
1495
1497
1543
1523
1501
1559
1519
1572
1483
1523
1525
1544
1530
1501
1545
1530
1510
1554
1537
1515
1542
1367
1518
1523
1518
1554
1462
1541
1507
1537
1518
1532
1507
1525
1554
1557
1498
1513
1533
1515
1534
1496
1499
1521
1493
1526
1506
1521
1537
1553
1530
1477
1538
1503
1514
1509
1513
1501
1533
1535
1524
1526
1532
1538
1541
1527
1525
1520
1528
1538
1557
1534
1510
1478
1517
1505
1511
1516
1526
1553
1529
1553
1579
1436
1567
1480
1553
1513
1491
1577
1517
1505
1525
1511
1554
1487
1528
1593
1521
1467
1493
1515
1497
1514
1514
1563
1465
1526
1540
1546
1526
1585
1524
1535
1509
1514
1533
1546
1528
1523
1520
1520
1524
1433
1572
1508
1568
1520
1563
1520
1544
1519
1506
1507
1538
1571
1524
1556
1550
1462
1525
1513
1535
1515
1539
1536
1516
1515
1537
1525
1495
1517
1512
1514
1535
1518
1438
1528
1541
1525
1522
1574
1524
1502
1505
1536
1308
1560
1520
1503
1491
1496
1518
1525
1462
1524
1525
1520
1549
1519
1536
1524
1540
1507
1545
1497
1524
1525
1513
1512
1554
1562
1527
1571
1493
1528
1546
1519
1528
1515
1553
1557
1484
1525
1503
1533
1518
1537
1535
1508
1520
1498
1495
1538
1500
1492
1568
1480
1523
1561
1528
1507
1510
1551
1561
1534
1542
1549
1536
1541
1532
1549
1520
1535
1465
1492
1524
1525
1505
1580
1513
1525
1608
1523
1544
1544
1598
1537
1530
1546
1512
1573
1501
1526
1526
1543
1519
1487
1523
1545
1531
1499
1526
1519
1521
1530
1526
1514
1527
1519
1517
1532
1490
1520
1519
1503
1515
1550
1504
1528
1554
1511
1539
1498
1523
1516
1533
1506
1557
1507
1542
1509
1514
1528
1477
1510
1539
1551
1573
1520
1502
1531
1542
1535
1551
1510
1517
1515
1515
1549
1529
1519
1489
1517
1500
1513
1551
1525
1518
1558
1533
1525
1523
1495
1521
1464
1521
1510
1504
1521
